   -0.300   -51.000    66.000
   -0.200   -40.000    70.000
   -0.100   -28.000    64.000
   -0.100   -34.000    71.000
   -0.100   -26.000    64.000
   -0.100   -30.000    66.000
   -0.100   -23.000    52.000
   -0.100    -9.000    31.000
   -0.200   -27.000    37.000
   -0.200   -28.000    36.000
   -0.200   -47.000    57.000
   -0.200   -47.000    59.000
   -0.300   -51.000    63.000
   -0.200   -52.000    64.000
   -0.400   -76.000    75.000
   -0.400   -76.000    68.000
   -0.500   -79.000    72.000
   -0.400   -74.000    73.000
   -1.200  -118.000    68.000
   -2.300  -166.000    32.000
   -1.600  -131.000    10.000
   -2.900  -200.000    35.000
   -2.600  -192.000     9.000
   -1.600  -143.000    21.000
   -0.900  -102.000    56.000
   -0.100   -40.000    57.000
    0.000    -6.000    30.000
    0.100     5.000    12.000
   -0.100     3.000     2.000
   -0.100    -3.000     2.000
    0.000    22.000     2.000
    0.200    18.000     3.000
    0.400     7.000     4.000
   -0.200   -27.000    22.000
   -0.100   -24.000    55.000
   -0.100   -39.000    72.000
   -0.200   -46.000    72.000
   -0.100   -49.000    71.000
   -0.100   -55.000    74.000
   -0.300   -66.000    79.000
   -0.500   -85.000    87.000
   -0.500   -89.000    94.000
   -0.800  -104.000    85.000
   -1.500  -135.000    72.000
   -2.300  -195.000    48.000
   -2.600  -219.000    36.000
   -2.900  -215.000    18.000
   -1.700  -142.000    37.000
   -0.400   -70.000    70.000
   -0.100   -41.000    58.000
   -0.300   -45.000    71.000
   -0.300   -43.000    53.000
   -0.200   -11.000    25.000
   -0.300   -23.000    27.000
   -0.400    -8.000    11.000
   -0.300    -6.000     3.000
   -0.500   -10.000    16.000
   -0.500   -27.000    47.000
   -0.500   -47.000    66.000
   -0.600   -53.000    68.000
      nan       nan       nan
   -0.300   -31.000    57.000
   -0.300   -36.000    63.000
   -0.400   -54.000    78.000
   -0.400   -57.000    96.000
   -0.300   -55.000    95.000
   -0.600   -63.000    86.000
   -0.700   -47.000    56.000
   -0.900   -49.000    40.000
   -1.100   -76.000    37.000
   -0.500   -17.000     2.000
   -0.700   -16.000     2.000
   -0.200    13.000     2.000
    0.300    26.000     3.000
    0.400    33.000     2.000
    0.100    19.000     4.000
   -0.100    12.000     5.000
    0.000    13.000     3.000
   -0.200     6.000     2.000
    0.100     4.000     3.000
    0.200    12.000     4.000
    0.300    23.000    13.000
    0.200    23.000    18.000
    0.100    11.000    31.000
    0.100    10.000    31.000
    0.000    -6.000    42.000
   -0.100   -25.000    56.000
   -0.200   -41.000    67.000
   -0.300   -48.000    72.000
   -0.200   -54.000    87.000
   -0.700   -96.000    93.000
   -1.400  -123.000    54.000
   -1.600  -134.000    37.000
   -1.500  -126.000    32.000
   -1.300  -118.000    21.000
    0.100     2.000     5.000
    0.100    15.000     6.000
    0.100    22.000    -6.000
    0.200    29.000   -15.000
    0.200    31.000   -16.000
    0.100    27.000   -20.000
    0.000     4.000   -15.000
    0.000     1.000    -3.000
    0.300     4.000    -1.000
   -0.100   -10.000    12.000
   -0.400   -24.000    18.000
   -0.100   -18.000    27.000
   -0.100   -24.000    44.000
   -0.200   -36.000    47.000
   -0.300   -37.000    41.000
   -0.200   -47.000    42.000
   -0.400   -56.000    45.000
   -0.300   -57.000    39.000
   -0.300   -66.000    42.000
   -0.600   -94.000    44.000
   -1.200  -138.000    40.000
   -0.900  -117.000    35.000
   -0.300   -58.000    31.000
   -0.300   -51.000    29.000
   -0.200   -39.000    34.000
   -0.200   -33.000    36.000
   -0.100   -35.000    34.000
   -0.100   -32.000    34.000
   -0.100   -29.000    45.000
   -0.100   -29.000    70.000
    0.000   -27.000    68.000
   -0.100   -21.000    62.000
   -0.100   -29.000    68.000
    0.000   -21.000    58.000
   -0.100   -28.000    60.000
   -0.100   -34.000    61.000
    0.000   -23.000    43.000
    0.000   -17.000    29.000
    0.000   -13.000    26.000
    0.000   -17.000    31.000
    0.000   -24.000    38.000
    0.000   -20.000    36.000
   -0.100   -24.000    41.000
   -0.200   -40.000    58.000
   -0.100   -36.000    49.000
   -0.100   -24.000    38.000
   -0.100   -25.000    34.000
   -0.100   -34.000    42.000
    0.000   -16.000    27.000
    0.000   -16.000    28.000
   -0.100   -27.000    40.000
   -0.100   -41.000    54.000
   -0.100   -26.000    41.000
    0.000   -23.000    36.000
    0.000   -19.000    29.000
    0.000   -21.000    30.000
   -0.100   -32.000    37.000
   -0.300   -27.000    29.000
   -0.100   -29.000    30.000
   -0.100   -31.000    36.000
   -0.200   -13.000    16.000
   -0.100   -25.000    17.000
    0.000   -19.000    11.000
    0.000   -27.000    21.000
   -0.100   -34.000    34.000
   -0.100   -44.000    49.000
   -0.300   -55.000    50.000
   -0.200   -50.000    45.000
   -0.200   -47.000    40.000
   -0.200   -43.000    36.000
   -0.100   -28.000    28.000
    0.000   -22.000    25.000
    0.000   -11.000    17.000
    0.000    -5.000    15.000
    0.000    -3.000    10.000
    0.000     1.000     2.000
    0.000    -1.000     8.000
    0.000    -5.000    17.000
    0.000    -7.000    13.000
    0.000   -17.000    24.000
    0.000   -13.000    22.000
    0.000   -13.000    20.000
   -0.100   -18.000    26.000
   -0.100   -16.000    31.000
      nan       nan    48.000
      nan       nan    56.000
   -0.200   -32.000       nan
   -0.200   -42.000    58.000
   -0.200   -41.000    60.000
   -0.100   -34.000    60.000
   -0.200   -38.000    68.000
   -0.200   -33.000    65.000
   -0.100   -25.000    51.000
   -0.100    -8.000    28.000
    0.100    26.000    -4.000
    0.000    21.000     0.000
    0.000    18.000     3.000
